
gauss = [0 0 0 0 0 0 0 0 0 0 0 0 0 0 0 0.00369615 0.00369615 0.00369615 0.00792901 0.00792901 0.0103261 0.0103261 0.00792901 0.00792901 0 0 0 0 0 0 0 0 0 0 0.00267826 0.00267826 0.00444772 0.00444772 0.00444772 0.00636862 0.00636862 0.00444772 0.00444772 0.00444772 0.00444772 0.00444772 0.00444772 0.00444772 0.00444772 0.00444772 0.00444772 0.00444772 0.00444772 0.00444772 0.00444772 0.00494821 0.0094016 0.0094016 0.00494821 0.00494821 0.00236796 0.00494821 0.00494821 0.00494821 0.00236796 0.00236796 0.00236796 0.000304856 0.000304856 0 0 0 0 0 0.000304856 0.000304856 0 0 0 0 0 0 0 0 0 0 0 2.68271e-05 0.0102941 0.0102941 0 0.00446001 0.00446001 0.00446001 0.00446001 0.00271253 0 0 0 0 0 0 0 0 0 0 0.00199669 0.00199669 0.00199669 0.00147439 0 0.00147439 0.0142391 0.0191172 0.0191172 0.0345482 0.0263751 0.0191172 0.0191172 0 0.0191172 0.0263751 0.0263751 0.000395877 0.000395877 0.0198159 0.000395877 0.000395877 0.000395877 0.0144275 0.0144275 0.000395877 0.000395877 0 0.0142031 0 0 0 0 0.00401678 0 0 0.00401678 0 0 0 0 0 0 0 0 0 0 0 0 0 0 0 0 0 0 0.00128992 0 0 0.00128992 0.00128992 0.00128992 0 0 0 0 0 0 0 0 0 0 0 0 0.000521 0 0.000521 0.000521 0.000521 0 0 0.000521 0.00402307 0.00402307 0.00442982 0.00442982 0.00739408 0.00739408 0.00739408 0.00739408 0.00739408 0.00739408 0.00739408 0.00623105 0.00739408 0.00739408 0.00739408 0.00623105 0.00459077 0.00143081 0.00143081 0 0 0 0 0 0 0 0.00143081 0.00143081 0.00143081 0.00143081 0.00143081 0.00143081 0.00313058 0 0 0 0 0 0 0 0 0 0 0 0 0 0.00174582 0.00174582 0.00174582 0.00174582 0.00174582 0.00174582 0.00174582 0.00174582 0.00174582 0.00240299 0 0 0 0.000795105 0.00240299 0.00240299 0.00440005 0.00440005 0.000795105 0.000795105 0.000795105 0.00440005 0.00519515 0.00519515 0.00940159 0.00940159 0.0114355 0 0.00303391 0.00303391 0.00303391 0.00303391 0.00303391 0.00303391 0.00303391 0.00303391 0.00859049 0.00303391 0.00859049 0.00859049 0.00859049 0.00859049 0.00859049 0 0 0.00360619 0.00175866 0 0 0 0 0 0 0 0 0 0 0 0.011754 0.011754 0.0122142 0.0122142 0.0127276 0.0127276 0.0127276 0.0170589 0.0170589 0.0170589 0.0170589 0.0170589 0.0170589 0.0170589 0.0170589 0.0170589 0.0010899 0.0170589 0.0010899 0.0010899 0.00251218 0.0010899 0.0010899 0.0010899 0.0010899 0.00140173 0.00251218 0.00251218 0.00140173 0.00140173 0.00140173 0.00140173 0.00395126 0.00158904 0.00140173 0.00158904 0.00693467 0.00158904 0.00201301 0.00693467 0.00693467 0.00564653 0.00564653 0.00201301 0.00201301 0.00564653 0.00564653 0.00564653 0.00640151 0.00840306 0.00640151 0.00840306 0.0100173 0.0149299 0.0149299 0.0150368 0.0150693 0.0150693 0.0150693 0.0150693 0.0258832 0.0258832 0.0258832 0.0258832 0.0258832 0.0296141 0.0258832 0.0296141 0.038403 0.0443457 0.0463793 0.0912411 0.110528 0.187843 0.191686 0.23171 0.252646 0.252646 0.252646 0.252646 0.252646 0.265693 0.265693 0.279307 0.279307 0.279307 0.279307 0.335178 0.347754 0.354057 0.347754 0.354057 0.354057 0.374499 0.354057 0.369442 0.354057 0.354057 0.354057 0.354057 0.369442 0.369442 0.336841 0.369442 0.336841 0.318947 0.241985 0.241985 0.233683 0.233683 0.226579 0.216578 0.150337 0.0904189 0.0726273 0.0722438 0.0483208 0.0480775 0.0480775 0.0221455 0.00261467 0.00261467 0.00261467 0.00247108 0.00247108 0.00247108 0.00247108 0.0160187 0.0178906 0.0178906 0.0227268 0.025766 0.0345052 0.080961 0.133235 0.133235 0.133235 0.133235 0.132313 0.132313 0.132313 0.0670469 0.0670469 0.0670469 0.0670469 0.0670469 0.0670469 0.302859 0.443481 0.593427 0.639484 0.639484 0.639484 0.630908 0.630908 0.630908 0.630908 0.630908 0.601416 0.601416 0.601416 0.590741 0.590741 0.58635 0.556571 0.541787 0.495881 0.482323 0.459674 0.433184 0.407454 0.407381 0.374313 0.369985 0.369985 0.363438 0.363438 0.322051 0.309687 0.309687 0.307113 0.305039 0.307113 0.305039 0.289821 0.289821 0.289821 0.251938 0.219458 0.219458 0.200856 0.192658 0.195465 0.195465 0.195465 0.195465 0.195465 0.195465 0.195465 0.195465 0.192113 0.18288 0.18288 0.161909 0.161909 0.161909 0.18288 0.18288 0.161909 0.184321 0.184321 0.184321 0.184321 0.168781 0.184321 0.168781 0.168781 0.160688 0.160688 0.160688 0.115926 0.115926 0.115926 0.120521 0.120521 0.120521 0.120521 0.120521 0.120521 0.120521 0.120521 0.120521 0.108778 0.0921754 0.0921754 0.0741162 0.0741162 0.0586489 0.0741162 0.108778 0.0741162 0.0741162 0.0586489 0.110496 0.110496 0.110496 0.110496 0.100618 0.110496 0.103406 0.100618 0.103406 0.100618 0.103406 0.100618 0.100618 0.0933843 0.0933843 0.103406 0.0933843 0.0716979 0.0933843 0.0933843 0.0933843 0.0933843 0.0933843 0.0944945 0.106117 0.0944945 0.0556143 0.0556143 0.0944945 0.0556143 0.0523257 0.0523257 0.0523257 0.0523257 0.0503848 0.048635 0.048635 0.048635 0.0503848 0.0503848 0.0503848 0.048635 0.0901257 0.048635 0.0514383 0.0901257 0.0901257 0.0832742 0.0514383 0.0514383 0.0514383 0.0692652 0.0795867 0.0692652 0.0795867 0.0795867 0.0692652 0.0692652 0.0585459 0.0585459 0.055315 0.055315 0.055315 0.055315 0.0582227 0.055315 0.0305712 0.0305712 0.0305712 0.0325855 0.0325855 0.0582227 0.0582227 0.0325855 0.0325855 0.0228897 0.0315956 0.0325855 0.0727772 0.0727772 0.0493665 0.0493665 0.0426301 0.0315956 0.0426301 0.0426301 0.0426301 0.0426301 0.0426301 0.0305447 0.0305447 0.0394907 0.0394907 0.0394907 0.0394907 0.0394907 0.0269242 0.0394907 0.0394907 0.0394907 0.0394907 0.0247949 0.0247949 0.0443455 0.022265 0.0443455 0.022265 0.0392962 0.0392962 0.0392962 0.0328854 0.0328854 0.0328854 0.0278465 0.0266391 0.0278465 0.0278465 0.0278465 0.0278465 0.0266391 0.0253484 0.0243621 0.0191255 0.0191255 0.0191255 0.0253484 0.0253484 0.0191255 0.0191255 0.0191255 0.0178961 0.0191255 0.0194848 0.0194848 0.0194848 0.0178961 0.0178961 0.0178961 0.0133698 0.0194848 0.0234114 0.0234114 0.0163238 0.016071 0.0163238 0.0163238 0.0234114 0.0163238 0.0163238 0.0163238 0.0163238 0.016071 0.0155024 0.0155024 0.0155024 0.0155024 0.0155024 0.00993649 0.0155024 0.0155024 0.0159551 0.0155024 0.0159551 0.0159551 0.0159551 0.0159551 0.0159551 0.0220104 0.0220104 0.0220104 0.0143077 0.011991 0.011991 0.010186 0.010186 0.010186 0.0105591 0.010186 0.010186 0.00415618 0.010186 0.010186 0.010186 0.0105591 0.0105591 0.0234499 0.0234499 0.0234499 0.0234499 0.0433245 0.0456634 0.0433245 0.0110336 0.0425444 0.0110336 0.025107 0.025107 0.025107 0.025107 0.025107 0.025107 0.025107 0.025107 0.025107 0.0173256 0.0173256 0.0169857 0.0163727 0.0126305 0.0126305 0.0115714 0.0115714 0.00825673 0.00825673 0.0115714 0.0115714 0.00915664 0.00915664 0.00915664 0.00915664 0.0115714 0.0181782 0.0181782 0.0181782 0.0181782 0.00915664 0.010165 0.010165 0.010165 0.0181782 0.014042 0.014042 0.014042 0.014042 0.014042 0.015978 0.015978 0.015978 0.0177234 0.015978 0.015978 0.0177234 0.0264742 0.015978 0.015978 0.015978 0.0264742 0.0264742 0.0264742 0.0137694 0.0129701 0.0115292 0.0107035 0.000459377 0.000459377 0.000459377 0.000459377 0.000459377 0.000459377 0.000459377 0.000459377 0.000459377 0.00445301 0.00447287 0.00519091 0.00817449 0.00817449 0.00817449 0.0102365 0.0102365 0.0102365 0.0102365 0.0102365 0.0102365 0.0102365 0.0102365 0.00836094 0.00836094 0.00309355 0.00126654 0.00126654 0.00309355 0.00309355 0.00309355 0.00309355 0.00309355 0.00309355 0.00309355 0.00309355 0.00359606 0.00398175 0.0109626 0.0109626 0.00398175 0.00939429 0.00939429 0.00939429 0.00939429 0.00939429 0.00939429 0.00939429 0.00939429 0.00939429 0.00580947 0.00580947 0.00580947 0.00580947 0.00939429 0.00939429 0.00872618 0.00580947 0.000971146 0.000971146 0.00580947 0.00872618 0.0137112 0.0136617 0.00872618 0.000971146 0 0.000971146 0.000971146 0.00835599 0.0136617 0.00835599 0 0 0 0.00835599 0.00835599 0.00835599 0.00991612 0.0362575 0.0164852 0.00991612 0.00991612 0.0164852 0.0164852 0.0150592 0.00991612 0.00991612 0.00991612 0.00324276 0 0 0.00324276 0.00324276 0.00324276 0.00190491 0 0.00190491 0.00190491 0.00190491 0.00190491 0.0119718 0.0119718 0.0119718 0.0119718 0.0119718 0.0119718 0.0119718 0.0119718 0.0119718 0.0119718 0.0140796 0.0140796 0.0140796 0.0140796 0.0140796 0.0140796 